<?xml version="1.0" encoding="UTF-8" standalone="no" ?>
<COLLADA xmlns="http://www.collada.org/2005/11/COLLADASchema" version="1.4.1">
    <asset>
        <contributor>
            <authoring_tool>SketchUp 8.0.16846</authoring_tool>
        </contributor>
        <created>2017-12-17T11:09:04Z</created>
        <modified>2017-12-17T11:09:04Z</modified>
        <unit meter="0.0254" name="inch" />
        <up_axis>Z_UP</up_axis>
    </asset>
    <library_visual_scenes>
        <visual_scene id="ID1">
            <node name="SketchUp">
                <node id="ID2" name="instance_0">
                    <matrix>0.3896381 1.068088 -0.1388108 -22.28582 -1.073128 0.3723562 -0.1471241 52.36038 -0.1003555 0.1963125 1.228843 216.7595 0 0 0 1</matrix>
                    <instance_node url="#ID3" />
                </node>
                <node id="ID74" name="instance_23">
                    <matrix>-1.288256 0.05147996 -0.3466284 59.83493 -0.230075 -1.229379 0.5513602 6.77827 -0.3647014 0.5121474 1.257739 230.5726 0 0 0 1</matrix>
                    <instance_node url="#ID3" />
                </node>
                <node id="ID75" name="instance_24">
                    <matrix>1.301569 0 0 -2.157442 0 1.301569 0 -18.03899 0 0 1.361107 104.2168 0 0 0 1</matrix>
                    <instance_node url="#ID76" />
                </node>
                <node id="ID111" name="instance_25">
                    <matrix>1.301569 -2.042991e-16 -9.079958e-17 -55.80151 -2.269989e-16 1.295357 -0.2685462 4.20194 4.01077e-33 0.1935925 1.38538 115.3229 0 0 0 1</matrix>
                    <instance_node url="#ID3" />
                </node>
                <node id="ID112" name="instance_26">
                    <matrix>-0.2353171 -1.329743 0.4075812 5.356697 1.197186 -9.874454e-16 0.6911958 -52.22499 -0.7136233 0.393354 1.236032 156.0368 0 0 0 1</matrix>
                    <instance_node url="#ID3" />
                </node>
                <node id="ID113" name="instance_27">
                    <matrix>4.824096e-16 1.336972 0 -20.09216 -1.336972 4.824096e-16 0 22.57363 0 0 1.4573 317.7014 0 0 0 1</matrix>
                    <instance_node url="#ID114" />
                </node>
                <node id="ID120" name="instance_33">
                    <matrix>-1.118939 -0.8508548 -1.134995e-16 44.19996 0.8508548 -1.118939 -2.269989e-16 -31.83941 1.815992e-16 4.539979e-16 1.532208 172.8239 0 0 0 1</matrix>
                    <instance_node url="#ID3" />
                </node>
                <node id="ID121" name="instance_34">
                    <matrix>0.287158 1.413784 -0.4129162 -10.19957 -1.463656 0.2773733 -0.08101093 63.69722 2.723987e-16 0.386044 1.570402 119.9306 0 0 0 1</matrix>
                    <instance_node url="#ID3" />
                </node>
                <node id="ID122" name="instance_35">
                    <matrix>0.5211003 -1.029741 0.3557737 -29.02801 0.9889843 0.5866379 0.2821634 -40.71581 -0.3871791 0.1125514 1.199571 232.7868 0 0 0 1</matrix>
                    <instance_node url="#ID3" />
                </node>
                <node id="ID123" name="instance_36">
                    <matrix>-1.05627 0.4429352 1.588993e-16 44.92255 -0.4429352 -1.05627 -4.539979e-17 21.70144 2.723987e-16 3.858982e-16 1.248465 135.3797 0 0 0 1</matrix>
                    <instance_node url="#ID3" />
                </node>
                <node id="ID124" name="instance_37">
                    <matrix>1.281399 0.228252 0 -32.94223 -0.228252 1.281399 0 -0.5883976 0 0 1.418711 304.8249 0 0 0 1</matrix>
                    <instance_node url="#ID114" />
                </node>
                <node id="ID125" name="instance_38">
                    <matrix>0.1308212 -1.334218 0 0.6037989 1.334218 0.1308212 0 -31.28711 0 0 1.461272 315.9759 0 0 0 1</matrix>
                    <instance_node url="#ID114" />
                </node>
                <node id="ID126" name="instance_39">
                    <matrix>-1.25722 -0.3253924 -0.08718862 21.29752 0.3219789 -1.268665 0.09193609 1.658083 -0.09905365 0.006119919 1.405468 315.1562 0 0 0 1</matrix>
                    <instance_node url="#ID114" />
                </node>
                <node id="ID127" name="instance_40">
                    <matrix>0.6507847 1.127192 0 -19.00227 -1.127192 0.6507847 0 30.8401 0 0 1.418711 372.7159 0 0 0 1</matrix>
                    <instance_node url="#ID128" />
                </node>
                <node id="ID132" name="instance_44">
                    <matrix>-0.7369468 -1.036985 0.2998087 14.38559 1.060945 -0.7539747 0 -16.12455 0.1593335 0.2242041 1.38667 357.0047 0 0 0 1</matrix>
                    <instance_node url="#ID128" />
                </node>
                <node id="ID133" name="instance_45">
                    <matrix>-7.186167e-16 -1.415698 0.4550881 -5.895069 1.47598 -1.112457e-15 -7.063218e-17 -20.02608 -1.894052e-16 0.4175121 1.54311 270.3917 0 0 0 1</matrix>
                    <instance_node url="#ID134" />
                </node>
                <node id="ID142" name="instance_53">
                    <matrix>0.842434 1.403847 -0.3767828 -18.4359 -1.422264 0.7062964 -0.5484117 22.17833 -0.3268453 0.6474323 1.681473 263.8836 0 0 0 1</matrix>
                    <instance_node url="#ID134" />
                </node>
                <node id="ID143" name="instance_54">
                    <matrix>1.353632 2.105263e-16 -2.591092e-16 -29.32253 -2.674535e-16 1.338412 -0.2206333 4.899347 -3.974994e-16 0.2024159 1.45887 283.4125 0 0 0 1</matrix>
                    <instance_node url="#ID134" />
                </node>
                <node id="ID144" name="instance_55">
                    <matrix>-1.149692 0.4601743 -0.4006625 17.3103 -0.5642006 -1.127192 0.3243432 11.64828 -0.2532193 0.50159 1.3027 257.5192 0 0 0 1</matrix>
                    <instance_node url="#ID134" />
                </node>
                <node id="ID145" name="instance_56">
                    <matrix>-0.9854126 1.007473 0.3181813 16.29974 -0.8520308 -1.015065 0.5752969 15.31162 0.6809535 0.2231727 1.402281 240.4486 0 0 0 1</matrix>
                    <instance_node url="#ID134" />
                </node>
                <node id="ID146" name="instance_57">
                    <matrix>1.083628 0.3710089 -3.858982e-16 -46.74512 -0.3710089 1.083628 3.631983e-16 22.93209 4.539979e-16 2.042991e-16 1.248465 206.1208 0 0 0 1</matrix>
                    <instance_node url="#ID3" />
                </node>
                <node id="ID147" name="instance_58">
                    <matrix>-1.055561 -0.8449338 0.391525 41.09892 0.8517275 -1.049654 -0.09409191 -35.1825 0.2534419 0.1295333 1.381059 99.12643 0 0 0 1</matrix>
                    <instance_node url="#ID3" />
                </node>
            </node>
        </visual_scene>
    </library_visual_scenes>
    <library_nodes>
        <node id="ID3" name="Component_8">
            <node id="ID4" name="instance_1">
                <matrix>0.7741267 0.6311048 0.04934189 28.11249 -0.4127351 0.5622938 -0.7165719 72.66296 -0.4799766 0.5343523 0.6957658 46.26174 0 0 0 1</matrix>
                <instance_node url="#ID5" />
            </node>
            <node id="ID55" name="instance_14">
                <matrix>0.7323568 -0.4622267 -0.5 31.25289 0.6789266 0.5518479 0.4842753 3.940501 0.05207901 -0.6941256 0.7179676 9.168623 0 0 0 1</matrix>
                <instance_node url="#ID5" />
            </node>
            <node id="ID56" name="instance_15">
                <matrix>0.9662782 -0.2574976 -0.001152489 20.16221 0.1961873 0.739091 -0.6444029 84.84416 0.166784 0.6224464 0.7646853 57.94902 0 0 0 1</matrix>
                <instance_node url="#ID5" />
            </node>
            <node id="ID57" name="instance_16">
                <matrix>0.8660254 1.94289e-16 -0.5 30.12902 0.2795965 0.8290376 0.4842753 29.17538 0.4145188 -0.5591929 0.7179676 11.93356 0 0 0 1</matrix>
                <instance_node url="#ID5" />
            </node>
            <node id="ID58" name="instance_17">
                <matrix>0.1204958 0.9664597 -0.2267958 47.66557 -0.7125536 0.2432718 0.6580928 28.63231 0.6911933 0.08230677 0.7179676 -3.696698 0 0 0 1</matrix>
                <instance_node url="#ID5" />
            </node>
            <node id="ID59" name="instance_18">
                <matrix>-0.6716033 0.01402374 0.7407782 48.76477 0.4686106 0.7824787 0.4100379 50.64429 -0.5738929 0.6225194 -0.532087 76.30604 0 0 0 1</matrix>
                <instance_node url="#ID5" />
            </node>
            <node id="ID60" name="instance_19">
                <matrix>0.39368 1.387779e-17 -2.46519e-32 42.33609 -6.938894e-17 0.225445 0.5403201 1.065814e-14 -1.387779e-16 -0.2409158 0.5056226 10.33943 0 0 0 1</matrix>
                <instance_node url="#ID61" />
            </node>
            <node id="ID73" name="instance_22">
                <matrix>-0.9960369 -0.01060091 0.08830749 64.5145 0.06561792 0.5826601 0.8100626 80.8169 -0.06004065 0.8126468 -0.5796553 101.081 0 0 0 1</matrix>
                <instance_node url="#ID5" />
            </node>
        </node>
        <node id="ID5" name="Component_6">
            <node id="ID6" name="instance_2">
                <matrix>0.06535943 0.6179101 -0.7835275 23.52998 -0.9047519 -0.2945009 -0.3077226 12.56776 -0.4208944 0.7290106 0.5398069 24.85491 0 0 0 1</matrix>
                <instance_node url="#ID7" />
            </node>
            <node id="ID41" name="instance_9">
                <matrix>-0.4714564 0.8013514 0.367755 22.69963 -0.8949349 -0.4854856 -0.05209829 12.25468 0.1131066 -0.3588839 0.9065113 24.83079 0 0 0 1</matrix>
                <instance_node url="#ID7" />
            </node>
            <node id="ID42" name="instance_10">
                <matrix>0.8252973 0.2384771 -0.5115726 24.24668 -0.5037241 0.7146141 -0.4843803 0.6462202 0.24924 0.6574945 0.7119424 20.83252 0 0 0 1</matrix>
                <instance_node url="#ID7" />
            </node>
            <node id="ID43" name="instance_11">
                <matrix>0.04688832 0.7212224 0.7164088 23.53634 -0.9249164 -0.2828469 0.267405 -2.450265 0.3510964 -0.6442082 0.6518774 18.62773 0 0 0 1</matrix>
                <instance_node url="#ID7" />
            </node>
            <node id="ID44" name="instance_12">
                <matrix>-0.5311008 0.4157362 -0.7746114 22.38719 -0.8217281 0.01582793 0.5049875 16.14996 0.2418975 0.8955851 0.4081344 27.03678 0 0 0 1</matrix>
                <instance_node url="#ID7" />
            </node>
            <node id="ID45" name="instance_13">
                <matrix>-5.440917e-13 -1.724138 5.490053e-14 22.76165 1.665389 -5.40068e-13 -0.4462397 -5.092155 0.4462397 -8.582024e-14 1.665389 13.47644 0 0 0 1</matrix>
                <instance_node url="#ID46" />
            </node>
        </node>
        <node id="ID7" name="Component_5">
            <node id="ID8" name="instance_3">
                <matrix>-0.4832258 -0.1151465 -0.4284508 -5.273879 0.1063599 -0.6451125 0.05341709 11.64739 -0.4307161 -0.03011809 0.493875 1.677014 0 0 0 1</matrix>
                <instance_node url="#ID9" />
            </node>
        </node>
        <node id="ID9" name="leaf_group_2">
            <node id="ID10" name="instance_4">
                <matrix>2.220143 1.36501 -0.3397893 -11.99108 -0.8238483 1.77637 1.753148 4.412231 1.140168 -1.37441 1.928409 -4.353509 0 0 0 1</matrix>
                <instance_node url="#ID11" />
            </node>
        </node>
        <node id="ID11" name="Component_4">
            <node id="ID12" name="instance_5">
                <matrix>1 1.137228e-17 1.665335e-16 2.131628e-14 6.143005e-17 0.9025853 -0.4305111 5.198723 -1.552065e-16 0.4305111 0.9025853 2.199175 0 0 0 1</matrix>
                <instance_node url="#ID13" />
            </node>
        </node>
        <node id="ID13" name="Component_3">
            <node id="ID14" name="instance_6">
                <matrix>0.6988327 0.5324813 0.4775944 -4.972461 -0.6903402 0.3272969 0.6452187 -3.216065 0.1872517 -0.7806026 0.5963191 4.045504 0 0 0 1</matrix>
                <instance_node url="#ID15" />
            </node>
        </node>
        <node id="ID15" name="Component_16">
            <node id="ID16" name="instance_7">
                <matrix>1 7.167649e-17 2.775558e-17 1.421085e-14 -5.186037e-17 0.8957118 -0.4446352 7.7745 -5.673089e-17 0.4446352 0.8957118 1.509903e-14 0 0 0 1</matrix>
                <instance_node url="#ID17" />
            </node>
            <node id="ID31" name="instance_8">
                <matrix>0.5762902 0.7926347 0.1990473 2.150487 -0.8082447 0.5167328 0.282361 6.368384 0.1209549 -0.3236008 0.9384308 5.262378 0 0 0 1</matrix>
                <instance_node url="#ID32" />
            </node>
        </node>
        <node id="ID17" name="Component_13">
            <instance_geometry url="#ID18">
                <bind_material>
                    <technique_common>
                        <instance_material symbol="Material2" target="#ID19">
                            <bind_vertex_input semantic="UVSET0" input_semantic="TEXCOORD" input_set="0" />
                        </instance_material>
                    </technique_common>
                </bind_material>
            </instance_geometry>
        </node>
        <node id="ID32" name="Component_14">
            <instance_geometry url="#ID33">
                <bind_material>
                    <technique_common>
                        <instance_material symbol="Material2" target="#ID19">
                            <bind_vertex_input semantic="UVSET0" input_semantic="TEXCOORD" input_set="0" />
                        </instance_material>
                    </technique_common>
                </bind_material>
            </instance_geometry>
        </node>
        <node id="ID46" name="Component_15">
            <instance_geometry url="#ID47">
                <bind_material>
                    <technique_common>
                        <instance_material symbol="Material2" target="#ID48">
                            <bind_vertex_input semantic="UVSET0" input_semantic="TEXCOORD" input_set="0" />
                        </instance_material>
                    </technique_common>
                </bind_material>
            </instance_geometry>
        </node>
        <node id="ID61" name="Component_2">
            <node id="ID62" name="instance_20">
                <matrix>3.380319 -5.854885 -2.79272e-16 3.133138 6.885923 3.97559 -1.35912 0.1734648 0.5248105 0.3029995 3.54524 -0.4524798 0 0 0 1</matrix>
                <instance_node url="#ID63" />
            </node>
            <node id="ID72" name="instance_21">
                <matrix>0.4777162 2.857684 -0.4392599 0.3670381 0.6406398 -0.6265946 -3.379698 31.37679 -1.511387 0.2028394 -0.3240979 148.9409 0 0 0 1</matrix>
                <instance_node url="#ID7" />
            </node>
        </node>
        <node id="ID63" name="Component_12">
            <instance_geometry url="#ID64">
                <bind_material>
                    <technique_common>
                        <instance_material symbol="Material2" target="#ID65">
                            <bind_vertex_input semantic="UVSET0" input_semantic="TEXCOORD" input_set="0" />
                        </instance_material>
                    </technique_common>
                </bind_material>
            </instance_geometry>
        </node>
        <node id="ID76" name="Component_7">
            <instance_geometry url="#ID77">
                <bind_material>
                    <technique_common>
                        <instance_material symbol="Material2" target="#ID48">
                            <bind_vertex_input semantic="UVSET0" input_semantic="TEXCOORD" input_set="0" />
                        </instance_material>
                        <instance_material symbol="Material3" target="#ID78">
                            <bind_vertex_input semantic="UVSET0" input_semantic="TEXCOORD" input_set="0" />
                        </instance_material>
                    </technique_common>
                </bind_material>
            </instance_geometry>
            <instance_geometry url="#ID90">
                <bind_material>
                    <technique_common>
                        <instance_material symbol="Material2" target="#ID91">
                            <bind_vertex_input semantic="UVSET0" input_semantic="TEXCOORD" input_set="0" />
                        </instance_material>
                    </technique_common>
                </bind_material>
            </instance_geometry>
            <instance_geometry url="#ID103">
                <bind_material>
                    <technique_common>
                        <instance_material symbol="Material2" target="#ID91">
                            <bind_vertex_input semantic="UVSET0" input_semantic="TEXCOORD" input_set="0" />
                        </instance_material>
                    </technique_common>
                </bind_material>
            </instance_geometry>
        </node>
        <node id="ID114" name="Component_9">
            <node id="ID115" name="instance_28">
                <matrix>0.9580092 -0.2858121 -0.02301921 -3.642403 0.1024926 0.4163054 -0.9034296 36.17496 0.2677942 0.8631345 0.428118 23.18013 0 0 0 1</matrix>
                <instance_node url="#ID5" />
            </node>
            <node id="ID116" name="instance_29">
                <matrix>0.7071068 9.15934e-16 -0.7071068 13.1639 -0.6172491 0.4878597 -0.6172491 55.79131 0.3449689 0.8729221 0.3449689 39.92201 0 0 0 1</matrix>
                <instance_node url="#ID5" />
            </node>
            <node id="ID117" name="instance_30">
                <matrix>0.2550259 0 1.387779e-17 18.81312 3.469447e-17 0.2000738 0.168663 5.165233 6.938894e-18 -0.0752028 0.4487207 0.4595156 0 0 0 1</matrix>
                <instance_node url="#ID61" />
            </node>
            <node id="ID118" name="instance_31">
                <matrix>-0.5625314 0.3873815 0.7304068 23.61702 0.8177533 0.1305347 0.5605714 -10.17372 0.1218115 0.9126315 -0.3902123 21.50165 0 0 0 1</matrix>
                <instance_node url="#ID5" />
            </node>
            <node id="ID119" name="instance_32">
                <matrix>-0.9659258 0.122949 -0.2277517 45.17562 -0.2259289 0.02875762 0.9737192 27.17602 0.1262674 0.9919962 -9.452716e-13 68.96385 0 0 0 1</matrix>
                <instance_node url="#ID5" />
            </node>
        </node>
        <node id="ID128" name="Component_10">
            <node id="ID129" name="instance_41">
                <matrix>0.2550259 3.081488e-33 1.387779e-17 21.46559 3.469447e-18 0.2106847 0.08076909 3.932064 2.775558e-17 -0.036013 0.4725186 0.2200521 0 0 0 1</matrix>
                <instance_node url="#ID61" />
            </node>
            <node id="ID130" name="instance_42">
                <matrix>0.7071068 4.510281e-16 0.7071068 -4.04548 0.703732 0.0975829 -0.703732 13.68827 -0.06900153 0.9952274 0.06900153 55.33779 0 0 0 1</matrix>
                <instance_node url="#ID5" />
            </node>
            <node id="ID131" name="instance_43">
                <matrix>0.9258706 2.775558e-17 -0.3778408 6.520104 -0.3760375 0.0975829 -0.9214518 33.54282 0.0368708 0.9952274 0.09034914 18.06578 0 0 0 1</matrix>
                <instance_node url="#ID5" />
            </node>
        </node>
        <node id="ID134" name="Component_11">
            <node id="ID135" name="instance_46">
                <matrix>0.258819 1.526557e-16 -0.9659258 26.17279 -0.6400418 0.7489557 -0.1714987 74.02189 0.7234357 0.66262 0.193844 40.55703 0 0 0 1</matrix>
                <instance_node url="#ID5" />
            </node>
            <node id="ID136" name="instance_47">
                <matrix>-0.04786031 0.1555832 0.9866627 6.382641 0.8645 0.5012611 -0.0371075 24.0259 -0.500349 0.8511939 -0.1584922 55.80563 0 0 0 1</matrix>
                <instance_node url="#ID5" />
            </node>
            <node id="ID137" name="instance_48">
                <matrix>0.3228176 4.857226e-17 1.249001e-16 17.68322 4.250073e-17 0.2140715 0.3710746 -4.6807e-13 -6.938894e-18 -0.1654533 0.4801144 1.010978 0 0 0 1</matrix>
                <instance_node url="#ID61" />
            </node>
            <node id="ID138" name="instance_49">
                <matrix>0.8231364 4.440892e-16 0.5678437 -9.186955 0.3762646 0.7489557 -0.5454267 31.14695 -0.4252898 0.66262 0.6164927 28.07145 0 0 0 1</matrix>
                <instance_node url="#ID5" />
            </node>
            <node id="ID139" name="instance_50">
                <matrix>0.1962154 -0.6739579 0.7122362 0.5419848 0.9047793 0.4044356 0.1334402 -12.07324 -0.3779867 0.6182335 0.6891396 9.942203 0 0 0 1</matrix>
                <instance_node url="#ID5" />
            </node>
            <node id="ID140" name="instance_51">
                <matrix>0.05153051 0.3867949 0.9207249 7.338783 0.738719 0.605649 -0.2957762 9.151768 -0.6720408 0.6953985 -0.2545233 39.57059 0 0 0 1</matrix>
                <instance_node url="#ID5" />
            </node>
            <node id="ID141" name="instance_52">
                <matrix>-0.1862601 -0.3164128 -0.930156 36.19636 -0.3537438 0.9048285 -0.2369613 51.22939 0.9166092 0.2849005 -0.2804625 15.73269 0 0 0 1</matrix>
                <instance_node url="#ID5" />
            </node>
        </node>
    </library_nodes>
    <library_geometries>
        <geometry id="ID18">
            <mesh>
                <source id="ID24">
                    <float_array id="ID28" count="192">14.48016 0 4.307895 11.40366 0 3.424168 15.13078 -1.776357e-15 2.283913 3.372613 0 3.590099 2.81407 -1.776357e-15 4.935456 16.13809 1.776357e-15 5.214798 9.871928 0 0.6418301 2.122676 0 2.218268 2.535777 0 0 10.98902 0 2.068853 2.535777 0 3.366702 0 0 2.381012 0.06960819 0 1.585386 2.837256 0 6.893749 16.13809 -1.776357e-15 6.080939 19.80608 1.776357e-15 7.277624 4.195221 0 7.420895 19.59642 0 9.674006 5.917517 0 10.47233 17.44837 0 11.49094 6.35007 0 12.27146 17.44837 1.776357e-15 12.16023 18.81947 0 14.36747 14.41215 0 13.65831 7.35149 1.776357e-15 12.67872 7.742787 -1.776357e-15 13.6246 17.48088 0 14.36747 8.902671 -1.776357e-15 13.84747 14.41215 1.776357e-15 15.23311 9.844595 1.776357e-15 15.20651 12.56384 1.776357e-15 17.48512 6.866312 1.776357e-15 13.0154 7.35149 1.776357e-15 12.67872 6.35007 0 12.27146 6.866312 1.776357e-15 13.0154 12.56384 1.776357e-15 17.48512 14.41215 1.776357e-15 15.23311 9.844595 1.776357e-15 15.20651 8.902671 -1.776357e-15 13.84747 14.41215 0 13.65831 7.742787 -1.776357e-15 13.6246 17.48088 0 14.36747 18.81947 0 14.36747 17.44837 1.776357e-15 12.16023 17.44837 0 11.49094 5.917517 0 10.47233 19.59642 0 9.674006 4.195221 0 7.420895 19.80608 1.776357e-15 7.277624 2.837256 0 6.893749 16.13809 -1.776357e-15 6.080939 16.13809 1.776357e-15 5.214798 2.81407 -1.776357e-15 4.935456 0 0 2.381012 0.06960819 0 1.585386 3.372613 0 3.590099 11.40366 0 3.424168 2.535777 0 3.366702 2.122676 0 2.218268 10.98902 0 2.068853 9.871928 0 0.6418301 2.535777 0 0 14.48016 0 4.307895 15.13078 -1.776357e-15 2.283913</float_array>
                    <technique_common>
                        <accessor count="64" source="#ID28" stride="3">
                            <param name="X" type="float" />
                            <param name="Y" type="float" />
                            <param name="Z" type="float" />
                        </accessor>
                    </technique_common>
                </source>
                <source id="ID25">
                    <float_array id="ID29" count="192">0 -1 0 0 -1 0 0 -1 0 0 -1 0 0 -1 0 0 -1 0 0 -1 0 0 -1 0 0 -1 0 0 -1 0 0 -1 0 0 -1 0 0 -1 0 0 -1 0 0 -1 0 0 -1 0 0 -1 0 0 -1 0 0 -1 0 0 -1 0 0 -1 0 0 -1 0 0 -1 0 0 -1 0 0 -1 0 0 -1 0 0 -1 0 0 -1 0 0 -1 0 0 -1 0 0 -1 0 0 -1 0 -0 1 -0 -0 1 -0 -0 1 -0 -0 1 -0 -0 1 -0 -0 1 -0 -0 1 -0 -0 1 -0 -0 1 -0 -0 1 -0 -0 1 -0 -0 1 -0 -0 1 -0 -0 1 -0 -0 1 -0 -0 1 -0 -0 1 -0 -0 1 -0 -0 1 -0 -0 1 -0 -0 1 -0 -0 1 -0 -0 1 -0 -0 1 -0 -0 1 -0 -0 1 -0 -0 1 -0 -0 1 -0 -0 1 -0 -0 1 -0 -0 1 -0 -0 1 -0</float_array>
                    <technique_common>
                        <accessor count="64" source="#ID29" stride="3">
                            <param name="X" type="float" />
                            <param name="Y" type="float" />
                            <param name="Z" type="float" />
                        </accessor>
                    </technique_common>
                </source>
                <source id="ID27">
                    <float_array id="ID30" count="64">0.1354536 0.2760507 0.1099409 0.4319139 0.04906845 0.2526477 0.1459975 0.8280957 0.2038763 0.8498822 0.1670806 0.1901935 -1.214306e-16 0.5196432 0.09358798 0.8957998 -4.857226e-17 0.8849753 0.0551832 0.4582656 0.1397629 0.8704185 0.1080534 1 0.07477161 1 0.2850873 0.8402692 0.203037 0.1864486 0.2393934 -2.220446e-16 0.3020388 0.7708785 0.3396366 2.220446e-16 0.4224588 0.672568 0.422865 0.09830227 0.4955755 0.643412 0.4506495 0.09540843 0.5372995 0.01810444 0.5238672 0.2389828 0.5088451 0.5921604 0.5466905 0.5687325 0.5421612 0.084258 0.55173 0.5104467 0.5892424 0.2321737 0.6047271 0.4580201 0.6894438 0.3137814 0.5245839 0.6146824</float_array>
                    <technique_common>
                        <accessor count="32" source="#ID30" stride="2">
                            <param name="S" type="float" />
                            <param name="T" type="float" />
                        </accessor>
                    </technique_common>
                </source>
                <vertices id="ID26">
                    <input semantic="POSITION" source="#ID24" />
                    <input semantic="NORMAL" source="#ID25" />
                </vertices>
                <triangles count="60" material="Material2">
                    <input offset="0" semantic="VERTEX" source="#ID26" />
                    <input offset="1" semantic="TEXCOORD" source="#ID27" />
                    <p>0 0 1 1 2 2 1 1 0 0 3 3 3 3 0 0 4 4 4 4 0 0 5 5 6 6 7 7 8 8 7 7 6 6 9 9 7 7 9 9 1 1 7 7 1 1 10 10 10 10 1 1 3 3 4 4 11 11 12 12 11 11 4 4 13 13 13 13 4 4 5 5 13 13 5 5 14 14 13 13 14 14 15 15 13 13 15 15 16 16 16 16 15 15 17 17 16 16 17 17 18 18 18 18 17 17 19 19 18 18 19 19 20 20 20 20 19 19 21 21 20 20 21 21 22 22 20 20 22 22 23 23 20 20 23 23 24 24 24 24 23 23 25 25 23 23 22 22 26 26 23 23 27 27 25 25 27 27 23 23 28 28 27 27 28 28 29 29 29 29 28 28 30 30 31 31 20 20 24 24 32 24 33 20 34 31 35 30 36 28 37 29 37 29 36 28 38 27 36 28 39 23 38 27 40 25 38 27 39 23 41 26 42 22 39 23 40 25 39 23 32 24 32 24 39 23 33 20 39 23 42 22 33 20 42 22 43 21 33 20 43 21 44 19 33 20 33 20 44 19 45 18 44 19 46 17 45 18 45 18 46 17 47 16 46 17 48 15 47 16 47 16 48 15 49 13 48 15 50 14 49 13 50 14 51 5 49 13 51 5 52 4 49 13 49 13 52 4 53 11 54 12 53 11 52 4 55 3 56 1 57 10 57 10 56 1 58 7 56 1 59 9 58 7 59 9 60 6 58 7 61 8 58 7 60 6 51 5 62 0 52 4 52 4 62 0 55 3 55 3 62 0 56 1 63 2 56 1 62 0</p>
                </triangles>
            </mesh>
        </geometry>
        <geometry id="ID33">
            <mesh>
                <source id="ID34">
                    <float_array id="ID38" count="132">1.612066 0 1.421085e-14 1.976148 0 1.393742 1.099873 2.842171e-14 7.105427e-15 2.727534 0 1.111636 4.344963 0 2.723509 3.008125 0 6.084719 5.210543 0 6.362128 6.849803 2.842171e-14 8.051039 5.846 0 7.164622 6.34855 0 6.93825 0 0 9.152894 1.395103 0 5.178013 8.623363 0 9.251371 8.030905 0 8.051039 1.450013 0 14.30715 10.10511 2.842171e-14 11.69835 9.559548 2.842171e-14 13.83451 6.031743 2.842171e-14 14.36872 9.559548 0 15.84238 7.827264 0 15.84238 4.438719 2.842171e-14 17.38663 5.314535 0 16.53663 5.314535 0 16.53663 6.031743 2.842171e-14 14.36872 4.438719 2.842171e-14 17.38663 1.450013 0 14.30715 7.827264 0 15.84238 9.559548 0 15.84238 9.559548 2.842171e-14 13.83451 10.10511 2.842171e-14 11.69835 8.623363 0 9.251371 0 0 9.152894 6.849803 2.842171e-14 8.051039 8.030905 0 8.051039 5.846 0 7.164622 5.210543 0 6.362128 3.008125 0 6.084719 1.395103 0 5.178013 6.34855 0 6.93825 4.344963 0 2.723509 1.976148 0 1.393742 2.727534 0 1.111636 1.612066 0 1.421085e-14 1.099873 2.842171e-14 7.105427e-15</float_array>
                    <technique_common>
                        <accessor count="44" source="#ID38" stride="3">
                            <param name="X" type="float" />
                            <param name="Y" type="float" />
                            <param name="Z" type="float" />
                        </accessor>
                    </technique_common>
                </source>
                <source id="ID35">
                    <float_array id="ID39" count="132">-6.938894e-17 -1 5.551115e-17 -6.938894e-17 -1 5.551115e-17 -6.938894e-17 -1 5.551115e-17 -6.938894e-17 -1 5.551115e-17 -6.938894e-17 -1 5.551115e-17 -6.938894e-17 -1 5.551115e-17 -6.938894e-17 -1 5.551115e-17 -6.938894e-17 -1 5.551115e-17 -6.938894e-17 -1 5.551115e-17 -6.938894e-17 -1 5.551115e-17 -6.938894e-17 -1 5.551115e-17 -6.938894e-17 -1 5.551115e-17 -6.938894e-17 -1 5.551115e-17 -6.938894e-17 -1 5.551115e-17 -6.938894e-17 -1 5.551115e-17 -6.938894e-17 -1 5.551115e-17 -6.938894e-17 -1 5.551115e-17 -6.938894e-17 -1 5.551115e-17 -6.938894e-17 -1 5.551115e-17 -6.938894e-17 -1 5.551115e-17 -6.938894e-17 -1 5.551115e-17 -6.938894e-17 -1 5.551115e-17 6.938894e-17 1 -5.551115e-17 6.938894e-17 1 -5.551115e-17 6.938894e-17 1 -5.551115e-17 6.938894e-17 1 -5.551115e-17 6.938894e-17 1 -5.551115e-17 6.938894e-17 1 -5.551115e-17 6.938894e-17 1 -5.551115e-17 6.938894e-17 1 -5.551115e-17 6.938894e-17 1 -5.551115e-17 6.938894e-17 1 -5.551115e-17 6.938894e-17 1 -5.551115e-17 6.938894e-17 1 -5.551115e-17 6.938894e-17 1 -5.551115e-17 6.938894e-17 1 -5.551115e-17 6.938894e-17 1 -5.551115e-17 6.938894e-17 1 -5.551115e-17 6.938894e-17 1 -5.551115e-17 6.938894e-17 1 -5.551115e-17 6.938894e-17 1 -5.551115e-17 6.938894e-17 1 -5.551115e-17 6.938894e-17 1 -5.551115e-17 6.938894e-17 1 -5.551115e-17</float_array>
                    <technique_common>
                        <accessor count="44" source="#ID39" stride="3">
                            <param name="X" type="float" />
                            <param name="Y" type="float" />
                            <param name="Z" type="float" />
                        </accessor>
                    </technique_common>
                </source>
                <source id="ID37">
                    <float_array id="ID40" count="44">0.2398006 0.8541383 0.2963371 0.8301189 0.2416609 0.8794512 0.281897 0.7942048 0.3429368 0.7073011 0.487327 0.7588355 0.4908441 0.6487912 0.5550027 0.5604756 0.5218504 0.6139168 0.5106277 0.5900592 0.6256224 0.8942328 0.4555451 0.8424724 0.5983909 0.4676353 0.550713 0.5021048 0.8343261 0.8002866 0.6945914 0.3838264 0.7852518 0.4015522 0.8202418 0.5735886 0.8686053 0.3928706 0.8748969 0.4784811 0.9513108 0.6392681 0.9128436 0.5996599</float_array>
                    <technique_common>
                        <accessor count="22" source="#ID40" stride="2">
                            <param name="S" type="float" />
                            <param name="T" type="float" />
                        </accessor>
                    </technique_common>
                </source>
                <vertices id="ID36">
                    <input semantic="POSITION" source="#ID34" />
                    <input semantic="NORMAL" source="#ID35" />
                </vertices>
                <triangles count="40" material="Material2">
                    <input offset="0" semantic="VERTEX" source="#ID36" />
                    <input offset="1" semantic="TEXCOORD" source="#ID37" />
                    <p>0 0 1 1 2 2 1 1 0 0 3 3 1 1 3 3 4 4 1 1 4 4 5 5 5 5 4 4 6 6 7 7 8 8 9 9 5 5 10 10 11 11 10 10 5 5 6 6 10 10 6 6 8 8 10 10 8 8 7 7 12 12 7 7 13 13 7 7 12 12 10 10 10 10 12 12 14 14 14 14 12 12 15 15 14 14 15 15 16 16 14 14 16 16 17 17 17 17 16 16 18 18 17 17 18 18 19 19 17 17 20 20 14 14 20 20 17 17 21 21 22 21 23 17 24 20 25 14 24 20 23 17 26 19 27 18 23 17 27 18 28 16 23 17 23 17 28 16 25 14 28 16 29 15 25 14 29 15 30 12 25 14 25 14 30 12 31 10 31 10 30 12 32 7 33 13 32 7 30 12 32 7 34 8 31 10 34 8 35 6 31 10 35 6 36 5 31 10 37 11 31 10 36 5 38 9 34 8 32 7 35 6 39 4 36 5 36 5 39 4 40 1 39 4 41 3 40 1 41 3 42 0 40 1 43 2 40 1 42 0</p>
                </triangles>
            </mesh>
        </geometry>
        <geometry id="ID47">
            <mesh>
                <source id="ID50">
                    <float_array id="ID53" count="54">1.421085e-14 -1.421085e-14 0.189316 4.211856 1.421085e-14 2.313711 0.6445071 -1.421085e-14 1.421085e-14 4.211856 -1.421085e-14 2.810026 8.588996 -1.421085e-14 3.727989 8.588996 1.421085e-14 4.112901 12.80159 -1.421085e-14 3.727989 12.80159 -1.421085e-14 4.112901 19.56841 -1.421085e-14 2.810026 8.588996 1.421085e-14 4.112901 12.80159 -1.421085e-14 3.727989 12.80159 -1.421085e-14 4.112901 19.56841 -1.421085e-14 2.810026 8.588996 -1.421085e-14 3.727989 4.211856 -1.421085e-14 2.810026 4.211856 1.421085e-14 2.313711 1.421085e-14 -1.421085e-14 0.189316 0.6445071 -1.421085e-14 1.421085e-14</float_array>
                    <technique_common>
                        <accessor count="18" source="#ID53" stride="3">
                            <param name="X" type="float" />
                            <param name="Y" type="float" />
                            <param name="Z" type="float" />
                        </accessor>
                    </technique_common>
                </source>
                <source id="ID51">
                    <float_array id="ID54" count="54">-1.131789e-17 1 -1.810863e-16 -1.131789e-17 1 -1.810863e-16 -1.131789e-17 1 -1.810863e-16 -1.131789e-17 1 -1.810863e-16 -1.131789e-17 1 -1.810863e-16 -1.131789e-17 1 -1.810863e-16 -1.131789e-17 1 -1.810863e-16 -1.131789e-17 1 -1.810863e-16 -1.131789e-17 1 -1.810863e-16 1.131789e-17 -1 1.810863e-16 1.131789e-17 -1 1.810863e-16 1.131789e-17 -1 1.810863e-16 1.131789e-17 -1 1.810863e-16 1.131789e-17 -1 1.810863e-16 1.131789e-17 -1 1.810863e-16 1.131789e-17 -1 1.810863e-16 1.131789e-17 -1 1.810863e-16 1.131789e-17 -1 1.810863e-16</float_array>
                    <technique_common>
                        <accessor count="18" source="#ID54" stride="3">
                            <param name="X" type="float" />
                            <param name="Y" type="float" />
                            <param name="Z" type="float" />
                        </accessor>
                    </technique_common>
                </source>
                <vertices id="ID52">
                    <input semantic="POSITION" source="#ID50" />
                    <input semantic="NORMAL" source="#ID51" />
                </vertices>
                <triangles count="14" material="Material2">
                    <input offset="0" semantic="VERTEX" source="#ID52" />
                    <p>0 1 2 1 0 3 1 3 4 4 3 5 4 5 6 6 7 8 7 6 5 9 10 11 12 11 10 10 9 13 9 14 13 13 14 15 14 16 15 17 15 16</p>
                </triangles>
            </mesh>
        </geometry>
        <geometry id="ID64">
            <mesh>
                <source id="ID67">
                    <float_array id="ID70" count="96">7.664681 4.77046 23.87617 8.497715 4.907379 36.05246 7.397608 4.271811 23.95832 8.686947 5.260693 35.99425 8.686947 5.260693 35.99425 7.664681 4.77046 23.87617 8.497715 4.907379 36.05246 7.397608 4.271811 23.95832 8.497715 4.907379 36.05246 8.317129 4.935902 46.9528 8.214537 4.744355 46.98436 8.686947 5.260693 35.99425 8.686947 5.260693 35.99425 8.497715 4.907379 36.05246 8.317129 4.935902 46.9528 8.214537 4.744355 46.98436 4.07268 2.794753 10.12554 7.397608 4.271811 23.95832 3.729197 2.15344 10.23119 7.664681 4.77046 23.87617 7.664681 4.77046 23.87617 4.07268 2.794753 10.12554 7.397608 4.271811 23.95832 3.729197 2.15344 10.23119 0.414914 0.7746831 3.552714e-15 3.729197 2.15344 10.23119 8.881784e-15 -7.105427e-15 0.1276302 4.07268 2.794753 10.12554 4.07268 2.794753 10.12554 0.414914 0.7746831 3.552714e-15 3.729197 2.15344 10.23119 8.881784e-15 -7.105427e-15 0.1276302</float_array>
                    <technique_common>
                        <accessor count="32" source="#ID70" stride="3">
                            <param name="X" type="float" />
                            <param name="Y" type="float" />
                            <param name="Z" type="float" />
                        </accessor>
                    </technique_common>
                </source>
                <source id="ID68">
                    <float_array id="ID71" count="96">0.8764404 -0.4784068 -0.05458168 0.8764404 -0.4784068 -0.05458168 0.8764404 -0.4784068 -0.05458168 0.8764404 -0.4784068 -0.05458168 -0.8764404 0.4784068 0.05458168 -0.8764404 0.4784068 0.05458168 -0.8764404 0.4784068 0.05458168 -0.8764404 0.4784068 0.05458168 0.8824987 -0.4700477 0.01585041 0.8824987 -0.4700477 0.01585041 0.8824987 -0.4700477 0.01585041 0.8824987 -0.4700477 0.01585041 -0.8824987 0.4700477 -0.01585041 -0.8824987 0.4700477 -0.01585041 -0.8824987 0.4700477 -0.01585041 -0.8824987 0.4700477 -0.01585041 0.860055 -0.4861449 -0.1548175 0.860055 -0.4861449 -0.1548175 0.860055 -0.4861449 -0.1548175 0.860055 -0.4861449 -0.1548175 -0.860055 0.4861449 0.1548175 -0.860055 0.4861449 0.1548175 -0.860055 0.4861449 0.1548175 -0.860055 0.4861449 0.1548175 0.847387 -0.4882384 -0.2087067 0.847387 -0.4882384 -0.2087067 0.847387 -0.4882384 -0.2087067 0.847387 -0.4882384 -0.2087067 -0.847387 0.4882384 0.2087067 -0.847387 0.4882384 0.2087067 -0.847387 0.4882384 0.2087067 -0.847387 0.4882384 0.2087067</float_array>
                    <technique_common>
                        <accessor count="32" source="#ID71" stride="3">
                            <param name="X" type="float" />
                            <param name="Y" type="float" />
                            <param name="Z" type="float" />
                        </accessor>
                    </technique_common>
                </source>
                <vertices id="ID69">
                    <input semantic="POSITION" source="#ID67" />
                    <input semantic="NORMAL" source="#ID68" />
                </vertices>
                <triangles count="16" material="Material2">
                    <input offset="0" semantic="VERTEX" source="#ID69" />
                    <p>0 1 2 1 0 3 4 5 6 7 6 5 8 9 10 9 8 11 12 13 14 15 14 13 16 17 18 17 16 19 20 21 22 23 22 21 24 25 26 25 24 27 28 29 30 31 30 29</p>
                </triangles>
            </mesh>
        </geometry>
        <geometry id="ID77">
            <mesh>
                <source id="ID83">
